13
895
896
906
908
909
917
918
919
920
926
928
929
943
944
945
951
952
954
966
968
993
994
995
997
1015
1017
1018
1023
1036
1037
1038
1039
1042
1043
1057
1082
1097
1109
1111
1116
1117
1118
1122
1127
1150
1161
1162
1170
1172
1173
1178
1223
1228
1231
1256
1257
1262
1296
1323
1334
1364
1375
1483
1484
1498
1508
1542
1546
1577
1591
1592
1618
1623
1624
1625
1629
1635
1636
1640
1649
1650
1657
1660
1661
1662
1664
1676
1677
1678
1680
1684
1688
1697
1703
1713
1733
1734
1738
1744
1795
1810
1812
1813
1816
1822
1823
1824
1829
1830
1835
1841
1842
1846
1852
1861
1886
1901
1903
1904
1907
1913
1914
1915
1920
1921
1926
1932
1933
1937
1944
1969
1989
1990
1994
2000
2009
2010
2011
2023
2033
2034
2043
2057
2065
2066
2068
2070
2072
2077
2093
2107
